377.64470272636856
136.04291243317851
47.18788614729108
394.8998928146078
64.81946594949088
633.9812255901162
487.3306208651847
142.85736796925454
639.1243521776344
125.10519525151095
248.53530542239926
533.5388080197388
214.6271887246518
497.6632408011397
220.01890085474687
55.946300585487755
432.7984750015055
432.9052534750018
301.34557010588935
569.8925305800399
397.2637137271889
185.58170001975796
138.9070425906655
90.98649085922953
267.86177483711987
46.471656224132566
486.58709138553024
477.63624268221
351.0833249856692
166.25025376095044
464.2335386030343
90.35763527796817
117.88444936483519
324.44095924340644
77.1304286558188
296.36404974283136
378.12113607129106
540.7294704091188
574.945640137684
495.195124273125
601.3755899912227
526.0906073902687
323.131380808281
384.85055935832673
643.2150877885729
6.376749965422018
512.9550300882427
297.12385102807843
291.40460339478165
113.4933911882411
623.1896011679106
97.1360825418118
366.4837715636274
46.386568561026884
111.16171805029337
248.3692239620438
55.61853370665417
83.77258851470062
28.119426247834273
414.15108173706994
327.6002159582285
320.4393182837252
291.86867700147394
379.4463045673405
641.8727951668544
303.3831282818868
602.7984220995218
653.6539845383388
618.570106521331
44.942835266681804
585.2004524985869
455.8688854223552
249.83757800393812
179.99661345756192
413.8012040526942
215.41315036051486
616.8728547369144
630.3149002977302
345.3617906374285
269.85294278862347
530.3686988919598
26.67410264834916
466.9275604880535
130.03194627254115
91.67145206614211
122.22611598281804
202.6192842287954
210.5534790264032
272.4985909304451
21.652736073855028
184.4101855136979
650.2429310863511
52.92044661998668
477.8388762099192
417.4551034426831
449.1398393606316
468.9593610537238
541.2375258945124
177.2226640739288
483.86923046772256
602.8993618065767
409.93473195418005
132.96328095384536
626.6739940306647
123.90896585363274
386.8297427003435
431.2510801712879
16.413238762004003
512.1130068418806
333.48197005261005
506.30984494441196
555.2543085977239
618.7410723037359
14.340966110902148
45.283539219099865
489.04966565572823
605.3085684656387
207.11389460436448
581.0872549413747
138.2711638853865
380.3284329748239
115.94148400318892
142.0692310486019
441.35199557292873
507.61837043792514
463.3705058329804
73.68458760008544
207.52863927890752
18.828902883951613
627.0632202803806
162.60113242913343
102.44551154688104
456.5093571465293
469.55394669419053
424.9577519456231
79.71281767056018
21.558826765263905
132.71285618354742
538.2874711482584
127.71910534299734
517.3374461549859
329.28615146790673
381.2363748845109
542.1963182812578
51.555391036845755
51.659658812332985
21.82237153409484
161.91167005053103
200.93584280750488
295.2793151493
627.0230860446538
31.226783770773313
162.16771700652552
439.5251784970153
521.9593247285727
7.929687969730271
346.0057546389738
631.4610697846327
458.53667258134084
35.59075833365471
107.43538060417251
343.2823039577756
14.467677128320549
110.68379154019115
99.84299457827608
648.9990068974457
338.28065132364003
419.05827347073455
359.6356907986561
213.95951567030968
126.02576622832467
143.40360159083275
386.83903780159454
667.6714380541549
487.0705637539616
554.2465797295746
109.86567470589878
302.02650080667405
84.89345085568289
670.1252542357178
388.1606234356164
525.9004162270257
388.01073693961655
388.8736447202341
490.2802619752358
74.37612247871381
34.82156471809855
364.03835712869727
635.0563578076852
469.99867461705685
517.5556608557251
111.68279812543325
396.4526229581951
471.6484171397879
177.48919069718744
252.69780496253563
129.24491048374855
610.388653811586
117.91232481387176
359.75061330479946
411.6225304353359
510.78021960070475
62.15849249634839
189.7714459139561
402.9117952122474
272.0301523956662
635.1819850414549
617.2833339644715
560.2617473453525
467.5708759251083
427.82673911156763
651.778442545778
601.9157861031983
490.4893740955749
438.25384630883264
82.13513644283437
572.0078264825958
503.082485515202
338.1332774304848
434.5695562892511
27.348885844128446
290.8298613224409
613.8047043008929
264.22508623398176
352.7156022088994
266.0008659520166
394.0809413770348
100.85117140834424
446.85342900572124
148.61177738542585
437.43659690313916
47.18035273896515
78.97824321046718
674.0458104362099
142.6873736713901
505.12309618210287
169.2268517621197
625.5980436380426
280.9111300395247
232.0332469844096
67.97413886573106
171.03668183377457
462.9922178394501
35.03800362515333
552.7875843523138
536.0489464186134
588.7146749046481
250.08551241589493
274.07329881480723
427.11329634279525
130.27680115980536
475.28991540533065
13.140077322535987
88.31548783107112
363.01592579715884
56.71338301105865
1.4993920199435185
544.5362508626564
537.8418181759806
670.905262007488
124.72507107287353
501.7193274119808
566.5504818167266
336.68599539514355
272.0657442594805
473.6559349813013
599.3332561168049
609.9756196296538
285.8099218250013
132.48642458389386
286.50740593327913
174.71861049130004
89.09186952912937
524.1687756206081
323.48196147911557
408.1808392296282
399.9132965339249
421.99472032953304
180.09128325054613
672.536814920892
499.38777072744114
66.2373117937882
267.7441084173765
344.38346097850643
372.88913605537664
496.7256648734599
493.54024325766585
400.25349942864074
495.7746150986291
537.4596305011182
620.855289537082
298.6055830224627
271.61539310341095
550.2814272397186
585.2193103286428
345.05005459718035
278.9963654936908
0.4481542725953608
448.5468251655239
651.9592046668122
21.639280857132487
378.80058782782436
395.47210603003555
407.00556051463144
272.69226120513673
3.45278764109348
240.75122961982757
177.81073874506734
296.97780941674876
363.4770351680295
302.00622748947245
322.292991752832
197.82549643818902
223.41117325368546
65.80518439702604
293.90560630061447
59.537961175074805
403.52507056577343
317.413266565832
402.1728966425919
584.1259911182035
259.6358771777791
102.4261467696983
482.8864390028077
592.2276119126204
325.45896015672645
103.68829513382937
514.8148968739417
175.16076678982367
261.03522515460764
292.7415909838144
217.29146792350554
507.62377629110756
157.18787744602915
214.50110589101305
409.80826774231156
174.40033929858416
3.7718143595350555
191.9634480958677
581.3844781059614
575.9984477614174
404.2966418516274
205.9321502829085
393.6899650959038
536.3950112396856
262.81836635679343
525.3321639527388
263.139766365373
255.8157770317971
25.055486788428787
479.7491488537009
43.91193640343297
323.409894619808
504.09605671033825
427.7390463125419
311.5131734901668
435.87940146923484
595.3190378126118
149.77458391710496
141.889228346041
16.604919721099243
426.02950892233537
549.111438799041
199.8635890213981
249.55996957136892
144.63327435366978
615.8060228558338
548.9841527675106
72.3473974655958
429.6179058047621
569.1939863852915
267.42113218294185
247.63591397667594
472.5627930771384
373.17166202799393
31.89782841570624
298.4961751996027
436.26102584898797
64.77601097945144
519.2657158482989
294.03572381939983
151.23320886880816
429.1162178583282
627.7493860071246
31.361209023296144
633.6472798911855
161.7146512182177
544.8200793989812
586.808474090746
299.45555893598225
431.79273670219465
611.9182545487289
585.8253267561854
90.93268172919012
429.0870109254274
38.54053001611288
37.63636970346169
415.3564463327192
277.03033282307484
633.4935798602368
274.89059047867147
191.62848375211496
231.41955873733139
559.1494245812496
318.6768861790908
531.8900185181169
46.416779531918735
128.6497508825998
451.1692580476193
139.19852671962434
97.02146928779881
215.04812011191464
269.30990451929574
443.5318320273343
489.3666800520103
121.7032937902998
614.4888762455466
70.88497466137198
522.2375253727841
264.029863923582
101.58910721350172
353.23106517757907
458.1815569194485
405.6864995500882
449.51792875915254
223.19157928193965
559.7976847272233
251.3757431350184
97.1423141766798
564.6480348799278
441.1952076624993
97.57651325567497
475.64367217942174
574.7274360265153
300.2696576401058
326.0396236322014
143.0651469921294
227.40194608347443
515.6486284164538
379.6550115117849
278.7839794550019
85.68114554343232
35.55922635774772
631.5262887979098
320.2051079765162
408.98496383974185
465.4031565453608
237.8452368834599
185.11881001575267
558.4171891251763
66.81896228083885
79.76945429717843
235.98327822346837
528.6535764545621
384.26374803242976
641.028796594879
70.17211917478868
406.32395128129286
598.888059955714
485.3313047849054
218.21797891678872
193.4300791814204
511.7026462830962
539.6903701485346
63.960473593377685
80.23532442382054
540.8761323458405
112.78014977947785
409.4259228654571
581.2928771067178
459.07236178482435
630.3803813849825
486.21005581602117
95.29573244308988
318.13643962835664
329.2133866306018
491.63421215385597
329.03844608917825
564.5130178173755
220.0001644079342
103.25315319778058
567.4750258343277
485.16510523730454
655.2363303903633
44.54724600620398
425.20546539544546
176.59436681882875
320.44013235055246
481.099811182033
17.605138507571787
85.878929475976
73.77986996861168
454.28677630057524
231.2895518876156
410.0097215740732
489.0959720370824
468.2314651064534
589.7354810463263
400.33494414496323
496.4624955585434
524.751891054028
313.4451093928044
273.184794888485
548.4433256495125
230.40499782028442
553.4663921926394
374.77450612756417
200.66504651377213
214.69462936326968
231.3045403550015
48.664402506160094
385.73815095584735
600.6953113483422
415.2346132052355
474.34287198229947
491.06694970260224
102.49626308851249
455.8773738283768
462.78807895666
587.8690490992955
448.6126506596625
576.1411520228323
230.49518390477667
397.37076870388455
601.195902969941
636.6284548277876
202.4720027580689
314.5022394297274
142.51697479622464
547.026170994589
90.93792230997998
649.3474789999424
449.43676123884165
650.1889353062122
420.0275280077378
276.6526681064798
30.0844226078616
475.30935716034395
649.6987806022004
359.5603027489288
534.4463291228561
85.2085155587958
207.94834042125896
45.940135367682366
367.94640625495873
81.21751089029878
289.6594805922842
96.75517888426288
4.62801733613476
480.00753966734254
29.054163591817776
580.950433745801
215.6631743077715
4.9967566023518515
639.4724246873571
259.3357543300334
607.6179138186513
288.5417951147033
322.23063972384426
430.8912170863512
7.691164613998552
15.145514431272177
377.80774930045413
371.4701794123033
18.82461052286606
138.05809392642112
172.6294065409836
555.4406818298445
487.4208801255113
525.7263278248297
632.132385559384
462.2071164078532
233.86547548649722
387.36599640326256
531.0882981978557
664.7501695949979
1.6213305761590135
380.79709823544323
155.34804684257517
527.8636613403951
487.0398386679969
415.0292898328055
384.7090063472381
217.84548594873758
402.48248664024226
578.9751647351836
123.91402823642044
335.66597371836855
511.7991333180728
330.5700321904351
550.1550773601423
312.4897285404547
389.68968876908923
484.18140250078795
452.22266724530886
100.26544609544653
336.5005814053707
257.9720614278362
43.945144991770306
634.6930240272264
496.3035527158061
73.71876918815038
355.46000747254243
447.1983443637617
450.37891448425523
377.8843956609618
468.58640548606917
559.4985503627948
534.4895838730077
177.60039655974367
421.0755955370482
217.3228190296348
251.2594257010695
386.43355205701056
141.933797873646
581.1080208189558
493.5530819948514
281.28764104405116
52.164834382171705
653.1330955294719
510.68059944297573
353.0597705778317
26.998544996104336
505.559797988462
181.8996286545316
47.471994806670956
521.0037633997841
177.9597646585314
219.6791732540296
674.9075516468554
204.47522378503544
181.9437691121733
167.43417558251684
553.9325958178839
111.24411419100446
56.67320798626978
370.0410428941298
88.51171499928739
13.096643125846413
524.5486556247243
579.0802730929171
238.20430958751
248.12572900811278
426.27774417243796
646.3084638291982
554.8200295199401
530.8385545637695
60.785595369742964
56.368549754408896
197.3877005221569
243.5325886010238
642.0521670614279
86.82464128818157
488.17625358413443
592.9230542641856
320.47152747420984
18.586825651520243
605.6870978458688
596.0830799864038
219.5878092669461
135.65098085281045
403.1381805175833
614.5127797074609
230.3598053803771
496.3764533277833
497.0697245397659
344.1228153609389
510.352369103567
264.42068611044704
463.2157556813538
308.660028496546
342.3260629696038
84.68085426723668
0.9149733922247161
599.5897534319527
27.800957981267757
282.75809594167833
291.39867965226034
582.3701698297414
176.42910439311396
274.4538764623934
129.45198759500255
540.1325949968915
323.40791245427147
319.9632123498963
551.7139165301224
410.1463601797966
534.5449768428199
148.6394489005541
448.79373861279436
334.9116044374463
100.51767571872985
36.21107626650438
394.51220695055
392.14053089549975
657.9730137186789
322.9762273728466
94.78702983290843
459.012055756298
657.8646454345819
363.54035159966605
38.35934313362913
481.2127696490837
202.01503006213167
648.4398958034318
126.85355466735827
425.1702436946561
301.9283468893011
268.3521308462078
251.1165166781961
356.7660879258286
552.718584822885
573.868636994959
486.7182307138675
212.0779418628912
278.09391673842987
432.96096128508793
517.2544935611324
319.68999842789657
89.97626187075763
514.5072860894629
75.621663472204
37.539898937108994
113.23708237422849
419.771483547763
371.9979098405478
213.35410275758352
302.06495007262276
562.6030709122944
336.2988631315018
299.39899765842546
161.46147805976264
171.32310209645473
435.60668651181777
583.056792788983
82.12235594983116
228.9065286687642
596.3061781065205
74.3104563584149
196.55536825625563
353.16504484245365
235.99303910131928
470.5119458562916
100.57527838728458
514.7248993398873
143.63031607285043
300.4406365976613
382.0612303626145
299.0366948781916
190.24314444872792
55.138237190064984
550.0142939848124
493.2759431282328
240.57120805778968
543.8578680607036
216.02984576886757
95.18117386515841
601.3257466861755
422.18995369121865
569.762811014862
95.87849852551756
356.4462428508833
138.38670151435602
91.7807882337388
444.3761612823088
535.2786838915644
590.858280145843
520.6674600752699
534.0177213519472
647.0097256890136
588.910971446131
622.1380482992296
631.4396915278577
238.85300324110858
153.04351783953052
92.44243729969544
388.28736083735595
533.2369732450173
447.899513119419
117.79825987234598
481.5829598734699
564.8619856563173
498.77078099560816
661.4637956261158
554.9242748003804
593.795290588716
247.49946602665167
448.3155901328216
289.837753650055
512.5928349811941
305.73601730995097
38.535468470689
456.94651903811854
318.31745975231377
116.54674580376879
408.3437271609414
24.801489226683497
149.4463424599224
174.1284980089067
653.1314126531108
619.0617249832014
408.85163583443284
512.0422033165493
561.3234463583141
636.3386131299435
369.5917951079299
455.19723458436215
307.2799262335546
567.8506900210388
210.2059614313387
36.333315768805456
53.21624990520249
139.0095436288927
444.13457300484856
144.37194495106678
557.0112375528125
333.4275250010545
601.157863185522
112.53308398241097
330.97701581668565
626.8102288921694
498.64614729736127
544.9828215370802
88.23303801939907
86.81351420856981
315.2402627581875
486.68905628642847
93.25820747112475
288.99018524446643
338.13819568241246
424.5239480912796
210.25762889530776
294.1915271134655
652.6687406169772
643.9065303965376
522.2715906474662
600.695069220741
210.51904977069668
150.31411752381624
389.9233277466254
440.62385357863275
573.738833369198
15.99529316548573
94.67203367106897
490.47855620762033
400.29160282035207
589.3363343027613
340.97588253456485
257.9956379703072
626.981713233152
511.01648068862613
637.6549921525823
649.6885221117035
0.5142214367301723
461.7370053474856
298.33191920962093
331.59115281762155
667.8578378292742
389.55761877300034
440.5690191375196
74.12231748022583
384.55312657615406
93.80301166460532
144.9146646840004
197.09662311630785
394.37030759171125
278.0432620270639
391.8014134905817
230.40554718346405
367.1284518969134
606.1276073475902
535.5451981070271
228.34178910524952
339.60903601914174
192.09260977796959
368.2319067379293
49.443203576959625
653.9476420482979
582.2072362135921
101.8178838731527
244.6456975725938
524.5842645390094
5.469059429825368
232.89137279975276
63.66122909689669
0.5035075842686143
133.8777058928074
409.0918947817716
196.42199208991354
376.87728186136417
615.7735728181946
298.7007554453418
170.14539661063415
33.44617157015477
235.14513558056683
618.9343098782156
289.6170739586972
264.3203596407571
135.50742350725162
211.7713152163936
327.85658424880796
315.0382683825422
203.17760955120545
128.3010476849918
174.4517429558958
477.7006295518267
194.18430650955074
214.0624067775225
618.0175638335234
197.8394148917862
73.36983996634643
64.75897307723895
358.98261391843533
460.18241014343266
229.58595005907463
150.61687850997367
316.59606956865844
228.57167948714266
140.5837282779723
377.01937583809524
23.630505715687267
394.460412157316
75.51751141619383
435.740441522349
326.88142694753174
366.1346217430839
152.81137530798154
108.74545691228903
176.08647033518372
159.5731145572606
531.6845165305072
357.28115348064813
83.98319395574548
486.6530566337257
623.8543454248047
418.5515137830265
403.87309334070994
158.6231324089611
209.48093601345866
88.7895892891476
404.887642926663
515.7217013085343
179.08060919338678
491.3749578604808
106.15547810413449
264.82142354281143
70.95206363666206
270.02535773398233
58.10449426640071
292.95638986914975
97.7599947596352
465.98986551378636
339.80012947411035
196.21852979736346
326.05966737889526
551.1031678874136
130.48813059295847
480.25625805101276
71.61997059421677
42.80543466756414
501.3298570221439
572.0341536590095
14.202674336390253
332.51042606684234
603.2505553073437
51.653746181775205
627.3392340813688
548.3918898236795
648.6321108417479
370.5153910013901
365.0162667670493
600.1807291881
373.43876166020686
435.3961421352886
53.355626051987706
618.0130403790675
163.4564202403121
516.1379411357087
587.2196798019029
350.3417063497317
584.2119109989285
443.2747807016053
619.7178875694661
158.5333496250724
383.2959219667187
411.61507727063304
443.9918483903448
281.8508351840811
38.451023295294135
464.65167319494543
475.73697038688533
613.455008928627
270.288032741337
345.99617577229594
70.08380743829055
52.106088573348536
297.28714524481444
658.9717427057677
584.9734183944607
238.98227103573103
188.85164585556976
110.8120626486942
313.1075019606463
116.2820453002749
456.9258825399966
671.169057535711
118.61998291165102
268.1262250488039
357.9821871619706
184.29806733314027
505.0873413897272
344.0933499311238
442.2736763552947
511.931762029656
323.60952224250764
441.52515230726505
63.23653627681022
5.977240597824876
31.354919344108943
486.4855752584546
328.8673134885897
420.41133114157935
531.5838517579441
218.30076230592965
260.8375304890702
528.0715292258916
297.24551553228673
101.57580301914929
638.8951445019583
439.6199115584159
153.6607560376856
288.4381604695183
305.87784658292344
443.0152572181409
200.83086802831514
417.454927892674
182.0563155609181
357.2228616599857
571.2883383923897
421.18027357816686
550.2075377464047
146.16189238420344
463.25352899092184
643.7647930646839
513.5945232275361
94.872469557134
439.3010116782458
193.99753894922767
126.03973179692954
142.74075624545918
478.40987317116793
95.59076758531977
409.8390495298678
656.7998677683217
68.47391560742508
176.80420955472562
365.10341559657275
615.6535675842988
312.1182452299523
515.2396377398584
276.34374302150303
214.6532566308556
544.799462040497
271.47570791367616
88.84477801930541
313.25766175548137
273.28817061516236
379.7780235387003
418.65427605728934
427.08185025695457
377.1759896194843
659.7099734111898
446.34521252056476
443.8872506054866
41.11344637204242
458.49650774338363
300.82238823058896
651.4987014238168
259.35350674655353
669.1020105109807
649.4804530143967
239.20741436814168
154.2956287250518
202.53096642014802
196.21652524108407
32.460049506174855
593.2520472696418
219.2022828724865
406.75966451874194
440.1976731167755
151.5667840850025
445.57763663763745
241.61769674879793
557.0233942685776
610.7622577218241
571.2186849973649
454.68801362041654
425.68488569766424
517.1558406935859
332.6568716980728
557.4758124808739
107.59668170011328
293.513357852815
475.59958082950067
300.1349712786248
236.9754338153628
551.8832847144274
180.14927321882024
140.11920873577282
64.22772635892122
284.64721064142805
78.8618772081966
275.83234753376337
461.64176958315454
330.62807361255017
123.02090513701872
599.8711602800219
185.4746343354489
402.4755085129038
487.2186904662946
281.6020111802314
543.1607477853696
465.47851347318226
271.24970188202366
617.135700894914
158.1440353698466
389.7775913180628
73.0345087354708
639.9391580032907
571.3483864613961
512.1021896283542
443.70787690392467
345.50324596119617
446.8134334286902
195.74764308979408
667.8577649442698
209.06665897919208
603.2838388291456
560.472500115212
487.68051010668995
271.52227108372193
498.52098247340206
375.1573690500831
642.5366661273522
300.191858133688
362.30274492615894
514.7430247725129
164.79348443202502
416.1487780511127
460.6163210531404
133.499196371998
459.7620004074142
517.8459917388423
630.8105782206612
136.11942612691794
552.1391722776519
208.31287680403642
211.8161310347735
448.95122089386217
464.9343227983305
506.49798543758027
123.44774521392404
148.81658458461413
614.5746282396632
93.76386135237068
159.73571567807997
59.50256768458156
176.3796161927725
12.017823510439229
492.898907541425
448.7434679202949
245.70899282555476
432.7433093422029
327.20513603848576
433.4884028216336
285.02143382295117
423.5411199187838
161.62398324227087
241.39219919152703
188.96984453324256
384.1396044680216
50.38624449028534
24.569374734560483
550.101926448987
431.2771513835301
213.69883008906262
363.8209125202054
327.6194680148759
413.7904436444675
396.8034243026019
31.918633448801764
316.44195664045685
109.00280441895387
276.77797988794214
571.8831484021383
188.2394170506462
462.6630671740362
33.330623441336854
204.4642031263516
150.08357793949693
127.34309412247865
240.93690375769734
340.20973239278214
46.99581397135806
516.9030686666823
321.90679644183973
437.4266780138882
361.8939516733035
592.46269832303
316.1333350075898
599.7745335178473
569.0682456864537
367.1233259270986
590.1667452215441
203.91538245301828
599.7187320755189
607.6584031732706
458.599927847927
588.5162324504236
528.8575959089801
111.28461010989221
549.5177238981738
257.6309017701291
75.92136585855395
613.4199799333057
531.8490158319938
578.6651001164239
220.254988655367
440.8605206353657
297.8536747321555
502.8389443318219
354.546586150781
273.35032362120165
451.63102096295194
585.4689612644041
124.08893412811166
274.510662682739
622.7252547043346
145.54958673725014
400.20287398683996
312.6650772609153
497.35030594608713
214.55695499895901
526.588294922639
648.0098087597605
217.3545529030402
475.10660817437383
627.7230539314098
68.41193645705455
84.1669743906084
16.331920558353264
549.9846225137152
133.3678721206118
176.56734067690905
567.441274591966
411.7901052323594
100.81148374593937
45.89353580310503
509.8751451741312
414.87589703193424
527.0186414773971
136.1946376177832
327.3377807650485
171.72362835808946
466.0813799127045
308.9294405106667
37.50712958692894
306.7084033218023
91.41231621158333
287.09869147508584
263.8493280827744
634.320119845125
565.4131665902
15.12244174711381
224.1156273042767
363.9884299575275
282.55278436515255
669.5940746071667
352.4183064437622
642.7933356096421
16.17507107402554
135.04684924377827
43.94102996428562
268.7098016646486
392.8075466690189
278.04730317254763
515.9795530832984
426.2892825760464
394.5221373075764
204.3976346362323
190.45921398094475
446.44866135550507
150.88771283730398
607.150337724907
78.65915343817349
558.5343831080418
549.7239819215469
586.3404724441478
533.8623481623911
533.9296575752293
524.0430857407708
128.99034202151483
519.3785187063298
63.47126255930444
232.26994223791962
552.5108824281483
565.1594497040152
296.9959547185025
460.2999031085444
71.80387684568669
284.6762268462364
444.57779024019123
273.5111792203914
229.23830265605665
2.4564599236757467
0.8700274635983496
475.46651266410885
549.8929208437024
604.371231642541
28.98771067459702
634.4994229175634
284.89717218940257
102.1352333681086
300.1192376296411
99.60930712512582
318.96261735715035
356.83024942995706
488.72193071758284
504.42465384827244
596.6663053014953
452.83572285329655
209.28523605784684
140.24996312096317
455.00912924633525
490.31003103651324
1.5414058760978593
67.72974475251839
500.66197374124476
40.68400985784631
635.6042280237108
287.05382870377207
621.859987847887
16.581288570982693
38.33850239467882
301.9999324739466
24.134106314018673
537.685160522914
331.7623709904789
424.9849634403335
285.4583128195111
467.39456259386276
141.427754956712
459.10074617393207
340.14465024442745
53.17563114911765
93.26150293039554
530.1969480141796
395.34834232327563
279.058086232717
467.0585973648044
115.3523221494591
266.77366422002035
344.90323426704913
331.9090162770804
558.5136639130272
526.1999209280409
225.7216883083781
509.6146470859173
208.06327939127186
630.6639354842267
555.7944819663917
67.80940598953605
232.70865505773395
253.54889417052738
47.43459788849063
573.3474298542292
213.62152803413542
359.70763966571707
53.46692870463018
170.69151061493326
558.2790177773237
534.549358543077
450.139908873028
593.85203755859
64.57541454162336
394.8919679487514
111.67993777256864
617.568663152705
129.2225865952764
100.73172248517629
39.619339937756806
552.4014278005944
502.5855262905074
124.07971943481094
118.81464522003606
595.6428667050304
214.78488941484775
632.7463689421504
601.4168349961045
433.25986870396974
140.37455474028226
480.85658455740224
163.65874955893372
593.1341018897175
203.42321733492912
96.59409209737319
552.9842027917515
196.02675847191225
310.5686011525792
346.0727754001697
355.5192826531708
138.27620946838326
524.5696461812262
415.1511396433144
205.21747381838176
568.9686052321935
68.40425619624362
260.5831114474939
183.5528676220277
439.96261799228296
136.10834540614985
200.74086780146214
42.37363134545925
90.7610560373018
639.2983189717135
91.08826542891306
633.555953536514
563.5039393435414
637.4424138191082
556.8145751666092
555.3860428824662
132.1825643350291
295.5492102006896
626.3593494410907
588.3017761773655
545.2547817831472
2.5001831964869603
208.68838734866435
452.7527464390631
241.63689439636025
634.1945642825748
32.379306284917696
131.50554779620649
254.3194708357226
447.02880673813695
93.60484708348869
244.57703272640674
158.9757460471071
66.41640373370952
451.79705953408
169.91577054030438
247.50524416817584
323.650275344356
513.0621657131499
389.33434187048067
163.1192147632658
34.878572843026
499.15607890729586
445.6267842740603
201.91328551014107
44.67093504743087
112.67886332019727
143.48425009773206
573.9438369409503
145.6849932428677
150.90155409722163
159.3991835363447
305.0516182868134
223.63146463903487
419.6198281716359
200.04402098545287
246.26992333981664
489.35815741611276
671.5853658740383
558.3681973164108
627.9623942257799
396.50372606409945
540.6054590743153
193.49065191589213
649.0637953916861
238.32539744293135
561.1265479718376
35.73711272680289
171.5955759911153
618.6855412748178
621.2364771178737
239.7174444965918
559.0048378226495
188.1413821538101
344.3785182337378
611.651714245295
665.8720331169241
575.1274498063532
253.1930659461907
359.39684234937306
239.50471247892048
0.498330250797796
89.35386845441555
633.913153502662
406.19666529740954
625.6563314350991
144.51938547370926
358.85480071518145
308.3010076259685
308.02517759700066
599.4870612341099
94.00819516935375
274.8953747758304
589.0988463141362
636.0511753946225
12.742694519225651
393.99841861123696
439.2015258165486
206.01768166980438
559.5525217687639
190.93404276537115
159.42061557386756
34.29934086121184
393.9880271840628
3.961288893788911
386.0446168812826
535.3402954258931
354.34260891813415
156.63833587936233
643.9114038190154
240.56553109231163
571.5206328665482
166.1649823579254
298.18529848749915
260.57299616985455
445.88644065987336
522.6437558249169
70.1367106774707
536.1672289254687
380.93954162055184
606.9243114580019
573.1072153519809
25.823240374531984
625.8778684754498
288.1214984162196
531.5935357057576
387.40477342022297
403.85133312985374
308.81485686163074
418.7744867402035
138.02474716298778
530.2581480063706
430.4212897868033
139.54798823772077
40.63628624657205
198.5574813057955
342.02995192247647
423.04020306179666
548.1770603318246
271.02239176554326
637.3197123028731
368.71795388881344
424.5374891983002
248.92087876945206
172.66595000483193
375.1305627474195
335.24190229937534
15.668906920995774
87.54411678409427
641.476259856142
411.18356225549906
174.74404909505986
605.7385058492434
84.35194282797391
546.0821355619448
500.9492012165146
93.86634656343655
159.60114329653445
457.1930425256327
433.37892042280004
560.9867930528123
513.6750678339058
55.7929073367252
512.536205118781
189.2137714160157
213.45928448861918
184.4595795230832
142.84119538049265
103.07725362760739
16.078783691682652
219.03944151188855
51.274135518439785
379.6367660129346
346.7441160275938
204.62949565820688
551.4471296024379
65.26499404737768
411.8185585978608
539.6677209811947
96.1347039708886
396.1454610434403
489.8556010250401
465.6118677461867
293.42693332023913
500.398863460967
485.1225261478063
445.34998619647143
559.5082687920577
40.22972886815876
620.229161100522
154.93271779424953
468.61762206414994
47.00063934474158
448.7864119863001
393.78922682121197
333.5748937874245
273.1964197663539
480.00359590602505
188.15334365563103
497.2774763478239
237.13159303492623
410.22496215984125
301.26398048195136
440.1898941918893
398.603910722324
486.1733651753571
36.88143271900591
24.321823608970856
233.70177753056777
28.66427050260283
522.3008498388191
350.6205220220359
372.9187061808303
107.26516210944281
621.7749746372953
40.26297671265331
213.76068225099243
61.48265886272532
169.94533728396289
229.42139135672844
514.3486630270547
317.00344558045674
377.36209509259913
133.07734208330749
385.7743139251028
383.16743259323425
442.8145005541382
491.8322647281947
441.0843795157988
9.416577253332342
40.68429908035872
240.35679085007135
130.1901850294609
619.2118293650275
137.162337242834
251.9879793131418
446.489157121438
39.47852935957236
371.7098131270602
292.36188489294915
534.8565328948316
376.9908519241762
408.2765151618626
635.890756880837
167.0919811128261
123.02198137560781
182.39747846425294
218.54486889208945
301.42590931057924
581.1690600189506
114.21738388995028
94.36486983873458
326.6353854097634
464.05681715393774
655.6111709934348
50.40176007903768
432.05540552017766
187.96074246263342
115.8729534521358
374.240043520436
505.79062852554733
618.8097008067518
300.7228243236381
118.37919072422496
203.53939283189396
590.5746843404053
130.1011618484098
622.2093115419474
489.7730188652684
619.5143853179072
129.69369781207683
601.2374012283032
5.9543564846905035
226.45066195570024
49.12403857365363
132.25349513345125
363.47276706215666
462.93282901773483
626.6643436184946
72.2203924725851
575.2914434086966
215.26949952478867
9.102971186879719
238.3053547798485
12.65262673764426
397.7366863873837
429.27366647166514
531.9788446006143
450.116204543104
177.92605568565986
663.4721929991304
181.56366794874197
342.18030566110554
49.260726008334174
136.44128585534003
224.46919138304614
484.0588989518494
178.56115422869408
664.7286128160761
556.1160818659722
482.6446997175294
501.4488746222906
168.12462984248208
229.23014434025578
459.2565283859471
333.2027927049455
510.85770072184977
560.9126500634287
68.02844529557056
630.0988981635436
31.178491995779282
346.17141960528966
602.0570178322369
64.90878596413776
250.99087270400463
199.3008897285285
317.85344257872515
22.895110891626807
70.68260234795893
420.82113895767884
629.4533414106947
450.7811998805938
320.9931928639793
390.80442875165124
475.25200075545337
441.207775098963
556.1895920397803
636.195818576773
97.6757216818291
262.96440102554175
326.89262612175537
374.1653685550161
622.9051735546622
341.54238215013953
395.4605740580977
490.94426019602975
629.2711784018395
52.83010645337233
641.3147621836658
307.0946980526944
407.07954282667293
331.724561647454
452.13906377655167
71.62360764829369
257.11897001164795
189.4809991005464
198.97910842673758
84.32869598240502
179.40202338631303
323.05406590302647
225.97844028391037
314.7348856562266
42.60698781881394
339.3028966829482
269.53396847715527
179.65473597844567
149.3113463378863
330.4347833285827
548.8085591502974
218.72580237422105
626.6460609885538
504.9948476787653
326.0305017941831
476.539065529815
61.514010848820256
434.27562773028063
89.30037915405637
618.0646477308842
673.3991186777403
6.637866374704037
283.19841634316145
197.3469516266862
451.8242031913838
364.6612489614033
673.3519234757541
404.5009517138644
660.958611135898
228.2740200339233
391.0088989589741
512.0106201315673
98.61516236793369
488.71023063649557
578.2425947692125
92.47382847623972
659.2858362118615
317.3270226251277
197.4908553184619
566.2029707925677
307.74202310146563
593.3855720265266
530.8674263642587
434.0560149478507
249.67079607990556
474.57953601530824
319.07620614634584
135.85697715721398
190.1287322924284
304.7835380367309
418.6183339404694
321.19618391207405
276.0000716798875
521.283192017572
136.15810753570432
334.7990086331564
198.9330504886197
240.31532201710704
239.97170034591406
518.7730239126537
440.65911545756126
317.16118357829464
632.5154373083327
86.85010707285548
504.2492046096745
298.7341373697766
55.53848091070616
455.6090640281726
258.6542426916201
634.988365343559
342.67985866547247
229.19820946593373
373.66878351631624
191.79534392394046
232.33536354092288
190.65343177672267
399.19275256483024
337.4390867013898
293.572627663357
565.0649193258682
148.26580148884563
213.94971140608996
37.31538732463075
166.6321880381171
545.5055722220313
485.2499191360087
651.2560298338257
540.1433534859283
528.9536661978537
489.43202781124546
583.9647293352695
288.78781278328364
421.3119968844149
143.87580492021212
247.89292192245313
64.08316044915792
232.50215582137523
406.27258686594826
256.29694958123866
187.6578178050297
465.0508397244928
473.6552909111084
674.9757031560582
464.08913171763214
434.39378673031945
392.10002950080946
217.8991485081461
400.37015861833635
623.3213060774166
356.2302505620842
136.68006906171274
207.9128477808204
48.51929811466364
627.1923307321777
18.073407749046023
470.888272649092
103.91251523101452
206.31805705009026
658.1016243405949
301.30611587383146
364.65985871595956
117.46471960819639
578.4201310300069
558.8080634718515
632.3518376776776
498.2186247153347
264.9730842694924
253.37165757537514
592.5675373365865
78.81340817077904
375.18479702443244
376.17614062095646
138.19159715102134
564.7113240041965
260.98770704285
624.8084261760324
481.9294815283707
602.3927435495743
146.41972739533497
155.3154672322784
463.08080329604564
426.0940845680091
233.91407613829674
479.2829439250718
56.09887788316354
409.42749492229495
510.3470138631163
629.3731813057108
387.5198228328732
530.0212697502524
260.3711073941992
540.4732267097071
484.61783604949744
136.99247154964763
549.713466609834
488.17375157170534
151.31293190389835
392.7018488240659
244.81923681405323
304.6675423535091
158.46231343094226
643.2884973517032
316.203118611683
220.92989885597152
369.48423496492035
574.1459768478771
242.14333023755933
588.0199195065728
237.63327256819917
480.9352084953192
549.9734817535744
207.48751056104015
225.02593087213492
629.8013179973407
40.94868694012905
432.0461403180099
75.75892444104656
459.0490953303927
316.129316609953
126.96422915315708
627.0907572336625
469.97317566722194
128.56006066053985
390.27791086029765
219.27475863281506
208.6393896060404
525.2433872519214
46.44340756932349
7.870132640981972
139.23285879790868
98.8257886484647
586.7740361706065
577.5717131530477
399.0013173278567
87.76326416703843
639.8439954206692
372.11710494060594
26.211587308659073
576.6054207597082
635.0958045567755
621.7023069527269
96.9722773992762
139.974903267587
627.1052714331785
590.9711395544678
44.94441356737904
377.283532703363
489.603713959945
195.6832464132432
376.5755480366447
610.8214707931483
344.8424838268088
639.0727819839617
376.60026787745
109.85044372098096
638.8126078151903
337.3831157957568
371.2719000461566
228.38259217012018
96.60851152810218
280.8668905258353
20.971223274916884
305.96623280443407
562.5183700167947
142.69861201666865
504.96265858140094
253.70919518237773
329.51650931897893
155.44505315332012
480.38331855297065
391.2860415140327
265.53334102528635
554.1634285630283
630.2514127028825
267.72628589518615
31.77864573659901
534.1203965008773
